4.86964
5.52638
7.41585
7.65627
5.55629
5.40857
7.43355
5.35371
4.66076
7.45665
7.55727
4.97482
5.26754
5.09834
7.07056
5.96277
4.97645
6.96848
6.33518
5.47052
5.40524
4.87525
4.65475
4.74266
5.73873
7.04044
7.01626
2.18336
5.49000
4.08575
5.44329
5.19706
5.34832
7.03853
9.46075
4.35460
3.02886
6.24284
4.77774
7.54150
6.62017
5.56049
7.07677
7.21800
4.32202
6.78095
8.45089
4.53954
6.56178
5.89924
4.08706
9.07471
6.43341
7.44871
6.14655
7.84485
5.14188
3.05415
4.55158
5.05578
5.20669
7.06841
5.11925
4.82694
1.99617
7.29795
7.06246
7.31334
4.18990
4.95204
6.35023
4.72486
5.30768
5.87495
2.96378
5.95979
8.27352
5.96541
6.58858
4.07493
6.15192
6.45302
5.69933
7.37636
4.17435
7.93975
7.49538
4.15658
4.93080
4.97888
4.08746
7.82067
5.87469
3.32686
6.70006
5.95869
5.80281
4.92735
6.34541
9.08490
4.35416
3.74954
5.50709
5.49120
7.63939
3.17887
4.78914
6.12868
6.19741
5.55675
3.58935
6.35029
8.07858
4.28031
6.24201
4.73442
7.36552
6.14584
5.82205
7.43140
3.69397
5.88936
5.21394
6.56743
6.16017
7.07891
5.70587
6.74131
9.75712
3.89849
5.19767
4.47659
7.90688
3.65551
6.57787
4.50699
6.06694
4.77758
5.22993
6.11664
6.79677
4.94526
5.82177
7.49839
4.81515
6.21839
9.01558
9.50791
5.43377
7.63371
5.41214
4.71234
8.64799
6.05320
5.51166
8.02513
6.89610
2.49336
6.59919
5.97394
7.95163
5.53559
6.05498
6.52581
2.04142
6.31439
7.61049
8.04087
7.03364
6.16643
4.27227
7.34947
3.96490
6.74132
5.39094
6.36971
4.19334
5.69773
4.13312
5.68848
7.84125
4.91461
6.76997
6.88664
9.24512
3.19753
5.09740
5.60238
4.82443
6.84114
7.42368
2.01140
4.69217
4.94785
6.09345
4.54063
6.59019
8.82516
6.57051
7.37335
3.86936
7.30362
5.78945
6.08272
5.20327
4.76621
5.43341
6.12771
7.36730
3.29548
7.79746
4.23653
4.31969
5.33711
6.12483
3.17082
5.88251
4.74827
5.63259
5.19740
5.88134
5.03503
3.50828
6.55917
6.55360
7.63001
3.72312
7.62774
2.63204
4.66062
4.92608
7.48199
6.71424
5.74550
3.45722
6.36845
3.97672
4.58718
6.40901
3.50199
6.15597
6.36071
5.78323
6.16641
6.77341
3.69775
8.29776
8.26694
12.08378
4.65655
5.09544
3.63151
6.69844
5.98813
4.95014
5.58127
3.38986
6.08655
4.05128
3.55596
5.67456
6.74166
4.60621
4.52396
4.27547
6.85771
7.07050
4.85583
7.67733
6.37139
