7.67752
8.72902
6.04636
7.22272
7.79386
9.70942
8.33272
8.75884
7.76548
11.79010
6.84904
11.02408
10.97590
9.62392
11.46550
6.35902
11.66146
11.47930
6.82270
9.71776
11.48806
10.75174
10.48924
10.30414
6.11164
6.48370
10.23934
7.23718
9.72526
10.13248
11.74948
7.38160
6.62584
6.31228
10.25548
7.49626
9.17008
7.38538
9.07582
6.05848
11.50114
6.58444
6.48478
7.15606
6.97960
6.24520
7.21384
9.51292
10.65730
8.53066
8.07904
7.28566
8.82352
6.09868
5.81824
8.54038
9.48544
9.17128
10.08880
10.45870
8.20390
10.10428
7.06678
9.07030
8.80204
6.69460
11.63818
7.63372
10.51204
9.08146
8.07106
10.60300
7.64536
6.85630
11.71792
11.56186
8.82682
11.46508
9.83206
6.55120
6.22654
8.40148
8.07700
9.45370
11.45314
6.58528
6.18286
7.98370
9.06328
6.53266
6.18322
10.85824
6.31186
5.93062
7.81858
6.31450
7.38574
9.33874
6.42652
8.25448
6.86284
9.06268
7.98412
9.05026
10.54258
8.61310
11.06260
11.22700
9.01936
11.22862
7.07320
11.24308
8.51272
7.27846
7.79962
8.09116
7.85110
7.04518
10.83760
8.44132
11.11492
7.35904
9.75004
11.57896
11.09140
9.27514
11.63260
11.35042
6.90568
10.79398
8.93284
10.27138
7.15468
5.88982
10.80664
7.21876
10.39582
11.55904
7.69234
5.94700
9.74446
9.49000
10.16002
10.42072
8.92870
7.13794
9.93880
8.18104
11.29438
6.02764
8.57248
8.33914
11.45080
6.90460
11.26222
8.61034
6.08050
10.02820
6.12136
11.01850
7.68892
9.03346
6.49324
8.69992
8.92726
11.25238
9.43810
10.23448
7.07032
8.66824
7.08334
10.19962
6.28606
10.32826
7.14022
10.76890
7.17286
7.44268
6.50500
7.78366
11.03728
11.33980
10.38142
6.69832
11.66140
7.91788
6.22198
6.19528
9.43570
9.78004
6.21634
6.79522
7.96306
6.26926
5.94970
8.68564
7.42012
8.45728
8.32216
6.75358
10.82962
9.48292
10.59256
7.61530
7.31038
7.71100
6.16360
5.85160
10.14076
11.58430
8.30146
7.68520
11.39794
8.33038
5.84746
6.37156
11.19622
10.53766
7.67986
11.77744
9.65284
6.23080
6.31240
10.41424
9.14110
7.21312
8.52616
11.17888
6.79396
7.87660
8.20720
11.17588
6.62452
6.09718
8.88274
11.73466
6.43084
6.04276
6.09520
8.67580
8.34904
10.66102
5.99704
7.87684
9.02044
6.62608
6.90088
9.96496
10.26088
6.92182
7.18168
6.73876
6.88150
10.59796
6.71560
10.69204
6.27394
11.75866
6.42994
9.01324
7.79554
7.37398
10.07686
6.38254
10.61872
9.28594
9.26074
11.11474
7.43128
5.88658
